No,Label,kalimat
91,registrasi,berapa ya biaya registrasi daftar ulang pmdk
92,registrasi,mohon bantu informasi min untuk biaya registrasi daftar ulang pmdk
93,registrasi,registrasi daftar ulang pmdk berapa ya biaya
94,registrasi,silah download surat umum di http apply nus ac id read umum
95,registrasi,untuk biaya registrasi daftar ulang pmdk bisa lihat pada http apply nus ac id read umum
96,registrasi,informasi biaya registrasi daftar ulang pmdk dapat di http apply nus ac id read umum
97,registrasi,mohon download http apply nus ac id read umum untuk rincian biaya
98,registrasi,rincian biaya bisa akses pada http apply nus ac id read umum terima kasih
99,registrasi,detail untuk registrasi daftar ulang pmdk dapat pada http apply nus ac id read umum
100,registrasi,silah akses http apply nus ac id read umum untuk detail
101,registrasi,kak untuk pindah jurus registrasi apakah bisa
102,registrasi,bisa tidak kak pindah jurus saat registrasi
103,registrasi,apakah mungkin untuk pindah jurus saat registrasi
104,registrasi,apakah masih boleh untuk pindah jurus saat registrasi
105,registrasi,mau tanya untuk pindah jurus saat registrasi bagaimana ya
106,registrasi,pindah jurus ketika registrasi apakah mungkin
107,registrasi,bisa bantu info kak untuk pindah jurus saat registrasi
108,registrasi,pindah jurus saat registrasi mungkin kak lama masih ada quota
109,registrasi,lama masih ada quota bisa kak
110,registrasi,bisa lama masih sedia kuota
111,registrasi,bisa kak untuk pindah jurus saat registrasi lama masih ada quota
112,registrasi,boleh kak untuk pindah jurus saat registrasi lama quota dari jurus yang ingin masih sedia
113,registrasi,pindah mungkin lama quota masih ada
114,registrasi,pindah saat registrasi dapat laku kak lama quota masih ada
115,registrasi,kak saya mau lihat biaya registrasi daftar ulang pmdk tahap 2 mana ya
116,registrasi,informasi biaya registrasi daftar ulang pmdk tahap 2 bisa lihat mana
117,registrasi,berapa biaya registrasi daftar ulang pmdk tahap 2
118,registrasi,informasi total biaya dapat lihat di umum yang dapat pada website udinus dengan input nomor hp
119,registrasi,dapat lihat di webstie udinus kak untuk detail umum
120,registrasi,biaya registrasi dapat lihat di website dengan input nomor hp terima kasih
211,pendaftaran,informasi daftar bisa akses pada pps nus ac id
212,pendaftaran,mau tanya untuk one day servis kita harus daftar dulu di web lalu untuk hari apakah bebas kapan untuk tes
213,pendaftaran,jika kamu sudah daftar pada hari itu maka kamu bisa langsung ikut tes dan dapat hasil tes tes masih bisa ikut maksimal sampai 3 hari ke depan
214,pendaftaran,kak saya mau login sistem selalu muncul salah padahal email dan password sudah benar itu bagaimana ya
215,pendaftaran,kendala kena daftar bisa langsung hubung narahubung kami yudit arum 085740664541 terima kasih
216,pendaftaran,jalur reguler tes masuk kapan ya
217,pendaftaran,daftar jalur reguler mulai 1 april untuk tes bisa ikut tes sama atau one day service
218,pendaftaran,kak saya sudah isi form daftar berapa biaya
219,pendaftaran,biaya daftar sudah tera saat daftar untuk pmdk biaya 100 000 bisa transfer ke nomor rekening yang tera lalu bukti bayar di upload pada halaman daftar
220,pendaftaran,bisa info kak link daftar s2
221,pendaftaran,daftar pascasarjana dapat laku lalu link pps nus ac id
222,pendaftaran,saya tidak bisa re-aktivasi akun itu gimana ya
223,pendaftaran,aktivasi akun hanya beri waktu 124 jam jika lebih dari itu maka hangus silah daftar kembali
224,pendaftaran,tes jalur reguler nanti materi tentang apa ya kak
225,pendaftaran,materi tes jalur reguler adalah logika aritmatika dan bahasa inggris
226,pendaftaran,untuk tes jalur reguler apakah bisa online
227,pendaftaran,terima mahasiswa baru saat ini belum ada tes online terima kasih
228,pendaftaran,soal untuk tes masuk tentang apa min materi
229,pendaftaran,daftar jalur reguler buka kapan ya
230,pendaftaran,kami buka daftar jalur reguler bulan april
231,pendaftaran,tes masuk nanti materi yang uji tentang apa ya kak
232,pendaftaran,kak saya lulus sma 2017 apakah masih bisa daftar untuk angkat 2019
233,pendaftaran,bisa kak silah daftar jalur reguler
234,pendaftaran,ada program beasiswa bidikmisi atau jenis di udinus
235,pendaftaran,untuk program bidikmisi udinus tidak untuk bagi yang sudah pernah dapat program bidikmisi udinus juga sedia potong uang gedung 100 untuk daftar gelombang pertama
236,pendaftaran,apakah web daftar sedang error saya tidak dapat upload dokumen
237,pendaftaran,sore kak bisa coba kembali upload dokumen mungkin sedang ada ganggu jaring terima kasih
238,pendaftaran,daftar pmdk apakah bisa salah satu mapel ada yang nilai bawah 8
239,pendaftaran,jika rata seluruh 8 maka masih bisa akan tetapi jika bawah 8 silah serta surat rekomendasi dari guru bk
240,pendaftaran,untuk daftar pmdk ada nilai yang 79 7 apakah masih bisa daftar
331,kuliah,bisa tidak saya keluar dari salah satu mata kuliah yang saya ambil
332,kuliah,apakah mungkin untuk keluar dari matkul yang ambil
333,kuliah,kakak lebih baik konsultasi dulu ke dosen ampu siapa tau ada solusi bisa juga ke dosen wali terima kasih
334,kuliah,silah konsultasi ke dosen yang ampu baik
335,kuliah,ada baik kakak konsultasi ke dosen dulu
336,kuliah,jurus bahasa jepang ada kelas pegawai
337,kuliah,kelas pegawai jurus bahasa jepang apakah ada
338,kuliah,minta info min kelas pegawai untuk prodi bahasa jepang apakah ada
339,kuliah,kelas pegawai tidak ada kak yang sedia kelas malam dan pagi
340,kuliah,mohon maaf kelas pegawai tidak sedia untuk prodi sebut
341,kuliah,untuk kelas pegawai tidak ada yang ada hanya kelas malam pagi
342,kuliah,mana ya untuk urus surat terang kuliah
343,kuliah,kalau mau urus surat terang kuliah bagaimana ya
344,kuliah,min gimana cara urus surat terang kuliah
345,kuliah,surat terang bisa oleh di biak terima kasih
346,kuliah,indah bisa datang ke biro akademik gedung a lantai 1 untuk urus surat terang sebut
347,kuliah,silah urus ke biak biro akademik yang lokasi di gedung a lantai 1
348,kuliah,cara update foto uji baru bagaimana ya
349,kuliah,aku sudah upload foto uji baru kok tidak ubah
350,kuliah,gimana ya cara update foto uji baru
351,kuliah,jika sudah hasil upload namun tidak ubah silah datang ke tu untuk verifikasi foto baru
352,kuliah,bisa guna menu upload foto dan lalu verifikasi foto ke tu terimakasih
353,kuliah,silah ke tu kak untuk verifikasi foto baru
354,kuliah,cara urus ktm hilang gimana ya
355,kuliah,bisa info min cara urus ktm yang hilang
356,kuliah,kak gimana ya ngurus ktm hilang
357,kuliah,kakak bisa urus di biak
358,kuliah,bisa datang ke biak biro akademik untuk urus
359,kuliah,ktm saya hilang min bagaimana urus
360,kuliah,silah datang langsung ke biak biro akademik di gedung a lantai 1 ya kak terima kasih
451,komentar,didik di udinus usaha saji didik yang baik untuk mahasiswa dengan kurikulum yang ikut kembang zaman
452,komentar,kami terus usaha beri yang baik bagi mahasiswa baik ketika kuliah atau telah lulus dalam dunia kerja
453,komentar,udinus selalu usaha damping mahasiswa dengan beri yang baik dalam kuliah maupun telah lulus
454,komentar,kami terus tingkat standar didik kampus agar mampu saing dengan kampus top di luar sana
455,komentar,didik yang baik selalu jadi konsen utama kami mahasiswa terus kami usaha dapat didik yang baik
456,komentar,mahasiswa selalu kami beri didik yang baik agar mampu saing di dunia kerja
457,komentar,aamiin dalam didik mahasiswa kami selalu usaha beri yang baik
458,komentar,aamiin didik yang kami saji selalu usaha ikut kembang zaman
459,komentar,aamiin mahasiswa selalu kami bimbing dengan baik baik kuliah maupun di dunia kerja
460,komentar,aamiin didik di udinus selalu kembang untuk cetak para enterpreneur muda
461,komentar,kami selalu usaha bantu mahasiswa temu potensi baik
462,komentar,mahasiswa selalu kami damping agar bisa dapat ajar yang baik
463,komentar,udinus usaha cetak lulus baik dengan beri didik yang baik juga
464,komentar,inovasi terus kembang agar bisa hasil lulus baik
465,komentar,didik di udinus selalu arah agar bisa beri output yang baik
466,komentar,udinus selalu usaha kompetisi agar makin maju dan mampu hadap kembang
467,komentar,standar didik udinus selalu usaha tingkat agar hasil lulus yang baik
468,komentar,damping terus kami laku kepada mahasiswa agar bisa hasil lulus baik
469,komentar,didik sarana tunjang dan ajar selalu kami usaha yang baik bagi mahasiswa
470,komentar,terima kasih bapak atas masuk
471,komentar,terima kasih masukkanya moga udinus makin baik
472,komentar,moga udinus makin baik bapak dalam hadap kembang zaman
473,komentar,udinus usaha terus maju dengan laku bagai inovasi dalam didik
474,komentar,mahasiswa usaha kami bimbing agar jadi pribadi yang kompeten di dunia kerja
475,komentar,kami selalu usaha cetak lulus yang mampu saing di dunia kerja
476,komentar,salah satu program udinus selalu usaha untuk cetak enterpreneur baru dengan didik yang baik
477,komentar,bagai usaha kami kerah bapak agar udinus bisa penuh ekspektasi mahasiswa dan wali murid
478,komentar,usaha terus kami laku agar bisa beri didik yang baik
479,komentar,terima kasih bapak atas saran kami usaha untuk terus lebih baik
480,komentar,udinus usaha terus jadi lebih baik untuk penuh ekspektasi yang harap
571,administrasi,kami cek untuk vina lolos pmdk tahap 2 bayar maksimal tanggal 8 april
572,administrasi,untuk pmdk tahap 2 maksimal sampai 8 april
573,administrasi,maksimal 8 april ya kak bayar
574,administrasi,untuk bayar pmdk tahap 2 maksimal 8 april
575,administrasi,tanggal 8 april ya kak untuk bayar maksimal
576,administrasi,kakak bisa bayar maksimal sampai tanggal 8 april
577,administrasi,bayar maksimal tanggal 8 april kak
578,administrasi,untuk daftar ulang bayar sampai tanggal 8 april
579,administrasi,masih bisa kak bayar maksimal sampai tanggal 8 april
580,administrasi,silah laku bayar kak masih sampai 8 april
581,administrasi,bayar masih bisa laku kak maksimal tanggal 8 april
582,administrasi,s1 manajemen untuk tahun ini biaya kuliah berapa
583,administrasi,biaya kuliah untuk s1 manajemen berapa kak
584,administrasi,untuk s1 manajemen biaya tahun ini berapa kak
585,administrasi,minta info biaya s1 manajemen tahun ini
586,administrasi,mau tanya biaya kuliah semester ini untuk s1 manajemen berapa
587,administrasi,tahun ini biaya s1 manajemen berapa
588,administrasi,min boleh tau biaya s1 manajemen semester ini
589,administrasi,kak bisa info biaya s1 manajemen untuk tahun ini
590,administrasi,mohon info biaya s1 manajemen semester ini
591,administrasi,mau tanya untuk biaya semester ini s1 manajemen berapa
592,administrasi,bisa info min biaya s1 manajemen meter ini
593,administrasi,semua jurus sama kak per semester nya bisa cek pada https nus ac id fees terimakasih
594,administrasi,bisa cek pada https nus ac id fees dan untuk per semester sama kak
595,administrasi,biaya sama kak per semester
596,administrasi,untuk biaya per semester sama kak
597,administrasi,bisa cek kak pada https nus ac id fees
598,administrasi,per semester biaya sama kak
599,administrasi,biaya per semester sama kak untuk semua jurus
600,administrasi,biaya per semester bisa lihat pada laman https nus ac id fees
